  -0.0931813
    0.034941
    0.267853
    0.518407
    0.654191
     0.21104
   -0.762226
    -1.12627
   0.0106688
    0.186879
    0.469256
    0.826323
    0.911202
    0.217426
    -1.06291
    -1.49762
 -0.00580683
    0.284535
    0.519025
    0.697782
    0.571878
   -0.228312
    -1.27394
    -1.49818
    0.095767
    0.477352
    0.597729
    0.424986
   0.0873745
   -0.583151
     -1.3018
    -1.24786
    0.394246
    0.918095
    0.874743
    0.309055
     -0.2253
   -0.642531
    -0.99288
   -0.819583
    0.659167
     1.11423
    0.860205
    0.109115
   -0.412349
   -0.551822
   -0.639596
   -0.426516
    0.676377
    0.764587
    0.277362
   -0.297057
    -0.57386
   -0.510511
   -0.401941
   -0.153289
    0.346974
    0.151975
   -0.225715
   -0.525232
   -0.635472
   -0.545775
   -0.301725
  -0.0178511
   -0.224753
   -0.391355
   -0.697089
   -0.699584
  -0.0430745
     1.30311
     2.07094
     1.33578
 -0.00388661
   -0.285359
   -0.816186
    -1.23339
   -0.903613
    0.673283
     1.93204
     1.68566
    0.118085
   0.0515779
   -0.320267
    -1.05894
    -1.46381
    -0.70643
    0.502556
    0.896308
   0.0202393
    0.282106
    0.296279
    -0.24713
    -1.00216
    -1.07632
   -0.494953
  -0.0594604
  -0.0967055
   0.0852005
    0.344542
    0.324568
   -0.070995
   -0.444857
   -0.482209
   -0.342099
  -0.0178212
     -0.2003
   -0.169916
    0.190853
     0.43452
    0.182061
    -0.24042
   -0.295223
    0.127599
   -0.332897
   -0.677887
   -0.398887
     0.17447
    0.240127
   -0.175538
   -0.257241
    0.163416
    -0.25929
   -0.604857
   -0.608802
   -0.231524
  -0.0364699
   -0.188572
   -0.207458
   -0.584733
   -0.996635
   -0.354742
    0.920933
     1.08857
    0.101012
   -0.526715
   -0.393136
   -0.846584
    -1.30555
   -0.434821
     1.22212
     1.36728
  0.00141006
    -0.75016
   -0.424672
   -0.890052
    -1.27883
   -0.376187
     1.23274
     1.35239
  0.00389094
   -0.724106
   -0.325057
   -0.695441
    -1.05629
   -0.400595
    0.937592
     1.14974
   0.0227295
   -0.643892
   -0.347382
   -0.464084
   -0.783391
   -0.263127
    0.699302
    0.822555
  -0.0683285
    -0.54242
   -0.336921
   -0.360973
   -0.435663
    0.198921
    0.734522
    0.547407
   -0.160892
   -0.530638
    -0.31915
   -0.352528
   -0.176341
    0.516568
    0.764807
    0.430061
  -0.0878702
   -0.430782
   -0.300373
   -0.360973
   -0.172577
     0.34774
    0.460529
    0.293136
    0.101561
   -0.086317
  -0.0125666
   -0.440259
   -0.705594
   -0.964592
    -1.25553
   -0.936462
  -0.0917986
    0.231532
     0.12278
   -0.782065
    -1.09016
    -1.15702
     -1.0394
   -0.229202
    0.712832
    0.739939
    0.348647
    -1.16464
    -1.08964
   -0.555177
  -0.0712893
    0.695569
     1.17027
    0.812741
     0.30548
    -1.10998
   -0.657156
    0.206411
    0.682377
    0.945416
    0.901288
    0.496805
   0.0947634
   -0.725914
   -0.242026
    0.543054
    0.829547
    0.621531
    0.305409
   0.0593593
   -0.156643
   -0.297201
    0.234788
    0.780825
    0.645884
   0.0248591
   -0.337384
   -0.385583
   -0.380579
    0.324638
    0.762471
    0.812214
     0.27119
   -0.435912
   -0.690875
   -0.663403
   -0.523907
    0.565841
    0.696856
    0.420312
   -0.123771
   -0.486828
   -0.646403
   -0.684124
   -0.557016
    0.154243
    0.223649
    0.114641
  0.00973473
   0.0834527
   0.0527827
   -0.317592
   -0.581291
  0.00457046
    0.130277
  -0.0197524
   -0.360743
   -0.485055
    -0.56382
   -0.786697
   -0.797133
   -0.426497
   -0.495794
   -0.800773
     -1.1427
    -1.15734
     -1.0602
   -0.847474
   -0.501871
   -0.767455
   -0.995898
    -1.20612
    -1.07058
   -0.657453
   -0.261364
    0.086478
    0.238693
     -0.7323
    -0.77514
   -0.373293
    0.269511
    0.771228
    0.981006
     1.04895
    0.839892
   -0.281568
    0.141735
    0.834842
     1.27641
     1.26243
    0.997346
    0.736883
    0.475738
     0.23915
    0.761417
     1.11659
     1.00107
    0.504362
  -0.0549047
   -0.383942
   -0.352769
    0.483099
    0.755853
    0.576234
    0.143557
   -0.405258
   -0.725471
   -0.736125
   -0.583726
    0.131594
    0.237002
    -0.21661
   -0.906815
    -1.18008
    -0.85587
  -0.0609809
    0.426074
   0.0228903
  0.00793905
   -0.454476
    -1.09376
    -1.19405
   -0.429785
    0.685009
    0.984314
   -0.323823
   -0.422222
   -0.777907
    -1.14769
   -0.841165
    0.279729
     1.42327
     1.32745
   -0.494666
   -0.640138
   -0.921641
   -0.905915
   -0.284561
    0.688967
     1.43667
     1.05969
   -0.405952
   -0.661843
   -0.920646
   -0.631009
   0.0504831
    0.617044
    0.720415
    0.254209
   -0.427785
   -0.693798
   -0.756054
   -0.353722
    0.193265
     0.48696
    0.267645
   -0.128828
   -0.559801
   -0.621506
   -0.262861
    0.322955
    0.594049
    0.531513
    0.374274
    0.105202
    -0.48358
   -0.281358
    0.154015
    0.650417
    0.697096
    0.558077
    0.514687
     0.29959
   -0.234759
   -0.133666
   -0.169559
   -0.226755
   -0.260314
   -0.163085
  -0.0747209
  -0.0758576
   -0.146315
  -0.0275989
  -0.0116567
    -0.14453
  -0.0622027
   0.0821044
  -0.0475307
   -0.258997
   -0.366606
   -0.316876
   -0.231685
   -0.322556
   -0.138921
  -0.0795895
   -0.356189
   -0.576551
   -0.758118
   -0.957361
   -0.959224
   -0.998917
   -0.722801
   -0.671672
   -0.889707
   -0.882943
   -0.704885
   -0.963101
     -1.1324
    -1.21795
    -0.98995
   -0.833099
   -0.891614
   -0.746765
  -0.0915732
   -0.147617
   -0.224466
   -0.268823
   -0.172455
  -0.0283341
   0.0262033
    0.101034
    0.714813
    0.898548
    0.903531
    0.821733
    0.835324
    0.978792
     1.00486
    0.785877
    0.808034
     1.08622
     1.08071
    0.993951
    0.899341
      1.0634
     1.15866
    0.857501
   -0.394158
    0.129803
     0.59951
    0.308288
    -0.45363
   -0.758057
   -0.351997
    0.115344
   -0.505537
    0.186493
     0.87391
    0.369009
   -0.780139
    -1.13626
   -0.319983
    0.408339
   -0.422202
    0.388656
     1.16656
    0.562203
   -0.931673
     -1.3147
   -0.147239
    0.695867
   -0.521877
    0.283175
     1.32397
    0.677002
   -0.925282
    -1.35839
   -0.153656
    0.720326
   -0.730667
  -0.0137466
     1.12637
    0.581623
   -0.900663
    -1.37127
   -0.390952
    0.526853
   -0.643129
 -0.00464767
     1.05847
    0.627338
   -0.736246
    -1.25594
   -0.586972
    0.296144
   -0.462473
    0.134809
      1.0882
    0.676258
   -0.494602
   -0.947354
   -0.498523
    0.119587
   -0.229493
    0.077106
    0.734004
     0.54003
   -0.255022
   -0.544697
   -0.257994
   0.0383418
    0.329978
    0.406738
    0.115061
   -0.162392
   -0.077363
  0.00719981
   0.0625085
-0.000153099
     0.72983
    0.678135
     0.24843
  -0.0896401
  -0.0135567
 -0.00642253
  -0.0915693
   -0.133161
    0.897602
    0.731276
    0.275395
    0.109011
    0.085483
   -0.190697
    -0.41864
   -0.368624
    0.865597
    0.588792
    0.100153
  -0.0461479
   -0.227412
   -0.630534
   -0.722139
   -0.519932
    0.447136
   0.0303803
   -0.379182
   -0.695149
    -1.01581
    -1.17802
   -0.794442
   -0.299139
   -0.353942
    -0.81117
   -0.924015
    -1.05584
    -1.18648
   -0.812898
    0.113292
    0.638888
   -0.917514
    -1.20255
   -0.828379
   -0.516355
   -0.300623
    0.379012
     1.33005
     1.38188
   -0.802715
   -0.821211
   -0.128464
    0.300719
    0.425334
    0.845567
      1.3371
     1.07217
     1.17406
     1.51058
     1.52383
     1.52388
     1.23684
    0.948888
    0.847153
    0.645609
     1.19607
     1.42793
     1.33246
     1.14142
    0.593793
   0.0842992
  0.00214411
    0.108526
    0.239321
    0.163805
  -0.0534702
    -0.28524
   -0.641856
   -0.942817
   -0.816858
   -0.462905
    -0.34975
   -0.628496
   -0.781993
   -0.862196
   -0.865392
    -0.88711
   -0.831832
   -0.685253
   -0.484253
   -0.602438
   -0.497477
   -0.355626
    -0.27907
     -0.3733
   -0.594478
    -0.64572
   -0.391704
   -0.352385
   -0.180338
  -0.0235601
   0.0437384
   -0.167449
   -0.565801
   -0.614872
   -0.098668
   -0.142927
    -0.24098
   -0.329004
   -0.188898
   -0.273851
   -0.592099
   -0.597632
   -0.026847
  -0.0922812
   -0.308788
   -0.498276
   -0.440534
   -0.345345
   -0.398301
   -0.392384
   -0.418306
   -0.440871
   -0.295731
  -0.0203266
 -0.00067107
   -0.212937
    -0.26008
   -0.112183
   -0.663839
   -0.719911
   -0.453244
 -0.00326778
    0.121829
    -0.13508
   -0.100898
    0.100956
   -0.420747
   -0.670331
     -0.6441
   -0.268245
  -0.0640413
  -0.0412311
    0.197934
    0.278473
    0.176565
   -0.235901
   -0.774903
   -0.710351
   -0.348417
  -0.0177357
    0.276747
    0.255398
    0.941231
    0.589424
   -0.515107
   -0.876261
   -0.625304
    -0.35769
   -0.161112
  -0.0916494
      1.5518
     1.49757
    0.337891
   -0.389805
   -0.578544
   -0.815135
    -1.01323
   -0.740544
      1.4505
     1.71869
     1.08499
    0.383069
  -0.0524065
   -0.755683
    -1.30775
    -1.04082
    0.781997
     1.10749
    0.944363
    0.695941
    0.425739
   -0.339016
   -0.853826
   -0.688324
  -0.0842443
   -0.136624
  0.00354008
   0.0923118
   0.0747935
  0.00217961
  -0.0787536
  -0.0788774
  -0.0761732
   -0.135654
  -0.0954134
  -0.0676433
   -0.131848
   -0.131758
  -0.0215215
  -0.0168032
    0.177935
    0.172026
   0.0309263
   -0.060185
  -0.0614337
    0.122961
    0.424003
    0.413267
    0.647815
    0.754088
    0.505119
    0.408261
    0.594657
    0.847391
     0.89377
    0.600576
    0.717727
    0.990757
     0.93468
    0.990968
     1.06499
     0.96871
    0.453907
  -0.0494264
   0.0499146
    0.276306
    0.486929
    0.583986
    0.349173
   -0.121205
   -0.752888
   -0.918486
   -0.805505
   -0.757105
   -0.650767
   -0.687142
   -0.978761
    -1.23952
    -1.37801
    -1.16536
   -0.930473
    -1.03214
    -1.05905
    -1.16526
    -1.20043
    -1.13121
   -0.973136
   -0.774883
    -0.36877
   -0.275687
    0.218736
     0.65157
    0.899268
    0.976243
    0.829284
    0.407568
   -0.287433
   -0.290499
   0.0222625
     0.53132
    0.964282
     1.37253
     1.51559
     1.03898
   -0.225207
    -0.43322
   -0.517433
    -0.19283
    0.367024
     1.00194
     1.48684
     1.23147
   -0.319117
   -0.592073
   -0.887391
    -0.83464
   -0.441159
     0.18179
    0.763303
    0.851878
   -0.461921
   -0.640746
   -0.817628
   -0.978997
   -0.961054
   -0.613816
  -0.0657627
    0.231567
   -0.582532
   -0.693839
    -0.59146
   -0.634519
   -0.917038
   -0.912972
   -0.488236
   -0.137646
   -0.565605
   -0.606232
   -0.236592
   -0.167083
   -0.510909
   -0.676888
   -0.519719
   -0.312505
   -0.224786
   -0.224984
    0.102294
    0.139829
  -0.0977376
   -0.336121
    -0.42537
   -0.266263
    0.426896
    0.558236
    0.190904
   -0.150794
   -0.281912
   -0.555205
   -0.783555
    -0.63546
    0.866602
     1.26204
    0.888546
    0.471427
    0.353348
 -0.00609539
   -0.628162
   -0.768253
    0.589918
      1.1907
     1.13664
    0.827738
    0.951493
     0.90863
    0.371136
   -0.100193
   -0.251884
    0.170679
    0.441655
    0.412542
    0.618826
    0.983641
     1.07514
    0.610317
   -0.896196
   -0.861051
   -0.531333
   -0.449392
   -0.335831
     0.16272
    0.707848
    0.654752
    -0.73921
   -0.892055
   -0.899767
   -0.919398
    -0.95476
   -0.705368
    -0.15826
    0.180444
   -0.309587
   -0.438397
   -0.607202
   -0.739277
   -0.939335
    -1.06101
   -0.773815
   -0.252501
   -0.215412
   -0.195668
   -0.177653
   -0.236686
   -0.549307
   -0.918062
   -0.851133
   -0.482133
    0.234669
    0.308354
    0.149954
   -0.304094
   -0.989312
    -1.22429
   -0.735925
   -0.124713
    0.411601
    0.705466
    0.649894
    0.144287
   -0.865654
     -1.6051
      -1.196
   -0.403751
    0.230571
     0.61961
    0.954419
    0.922085
    0.143589
     -1.0621
    -1.33164
   -0.732873
   -0.113731
    0.107074
    0.566679
     1.15463
     1.04319
  -0.0587538
   -0.996704
   -0.935098
   -0.260967
    -0.33328
    -0.15247
    0.535899
     1.15792
    0.663819
   -0.473556
    -0.90206
   -0.186113
   -0.419208
   -0.578573
   -0.267716
    0.649726
    0.894603
   0.0731144
   -0.514948
  0.00636336
   -0.272753
   -0.597843
   -0.622102
    0.155746
    0.742735
    0.476365
    0.116075
   0.0338547
   -0.253101
   -0.453857
   -0.459132
  -0.0366609
    0.443569
    0.527815
    0.373561
   -0.297829
  -0.0254004
    0.422093
    0.406275
  -0.0717359
   -0.300937
   -0.176709
  -0.0502444
   -0.703718
   -0.481638
    0.268862
     0.61579
    0.265053
  0.00920822
  -0.0754492
   -0.131086
     -1.0956
    -1.06379
   -0.166021
    0.466015
    0.547913
    0.461969
    0.183447
   -0.100772
     -1.0231
    -1.20359
   -0.639418
   0.0429033
    0.624797
    0.882445
    0.619119
   0.0600185
   -0.642226
    -0.86519
   -0.759141
    -0.34136
    0.461304
     1.08606
     1.01419
    0.428619
   -0.311828
   -0.412994
   -0.622319
   -0.664343
  -0.0250761
    0.870393
     1.20708
    0.778196
   -0.228822
   -0.399071
   -0.791906
    -1.09194
   -0.689673
    0.273138
     1.06439
    0.956059
   -0.260283
   -0.526213
    -0.92619
      -1.169
   -0.937011
   -0.299184
    0.496129
    0.657657
  -0.0322415
    -0.70228
    -1.06081
   -0.421074
    0.455707
    0.624214
    0.115314
   -0.336162
     0.16275
   -0.596203
    -1.29243
   -0.588069
    0.814521
     1.20773
    0.299305
   -0.503851
    0.640066
   -0.206025
    -1.29011
   -0.670859
    0.910544
     1.25901
    0.130711
   -0.676544
    0.843436
   0.0589637
    -1.19159
   -0.760412
    0.809498
    0.965769
   -0.174839
   -0.752691
    0.728422
   0.0654904
    -1.12648
   -0.825965
    0.755622
    0.953228
   -0.136974
   -0.607779
    0.427431
  -0.0924532
    -1.13853
   -0.847226
    0.633257
     1.01528
   -0.036708
   -0.410593
    0.181757
   -0.284216
    -1.03721
   -0.692488
    0.519809
     0.79853
  -0.0437206
    -0.31781
    0.164329
   -0.193653
    -0.69357
   -0.442185
    0.256499
    0.362845
   -0.105977
   -0.192572
  -0.0252111
    0.507341
    0.318864
   -0.355364
   -0.398032
    0.129725
    0.243944
   -0.145438
   -0.107068
     0.52248
    0.517264
  -0.0665126
   -0.144734
    0.369947
     0.37007
  -0.0750533
   -0.425887
    0.193486
    0.521703
    0.185268
   0.0226997
    0.285282
   0.0892769
   -0.300293
   -0.726347
   -0.115275
    0.363733
    0.339583
    0.210795
   0.0908762
   -0.284102
   -0.572731
    -1.04106
   -0.647897
   0.0815481
    0.680336
    0.651293
   0.0502649
   -0.484932
   -0.597953
    -1.41295
    -1.44154
   -0.348318
     1.02679
     1.26004
    0.261356
   -0.508256
   -0.504689
    -1.44917
    -1.76421
    -0.56553
      1.1196
     1.49378
     0.42484
    -0.41572
   -0.503837
    -1.00594
    -1.35688
   -0.455914
    0.815922
     1.05223
    0.317398
   -0.263577
   -0.408887
   -0.628225
   -0.712622
   -0.560175
   -0.435874
   -0.401199
   -0.364505
    -0.27689
   -0.154731
   -0.698164
   -0.930163
    -0.86354
   -0.704609
   -0.635219
      -0.594
   -0.496067
   -0.326481
   -0.306353
    -0.55849
   -0.743417
   -0.818143
   -0.924608
   -0.862719
   -0.657189
     -0.4992
    0.317436
    0.354842
     0.20259
   -0.222886
   -0.809573
    -1.06241
    -0.89042
   -0.675473
    0.875462
     1.14629
     1.18557
    0.778795
    0.150707
   -0.527229
   -0.728315
   -0.631054
    0.581895
    0.819212
     1.12892
     1.23479
     1.09254
    0.423763
   -0.181943
   -0.254669
 -0.00206892
   0.0273738
    0.327585
    0.763021
     1.10232
    0.904071
    0.356993
    0.137281
   -0.219006
   -0.300265
   -0.162806
    0.202643
    0.666758
    0.794857
    0.569431
    0.280446
   -0.637561
   -0.918552
    -1.10216
    -1.12199
    -1.02861
     -1.0546
    -1.16546
   -0.900282
   -0.697248
   -0.951293
    -1.09559
    -1.02098
   -0.850295
   -0.944654
    -1.15201
   -0.972188
   -0.246228
   -0.292271
    -0.17385
  -0.0214495
   0.0602783
  0.00165715
   -0.106992
   -0.211288
    0.379647
    0.600726
     0.69936
    0.681693
    0.642203
    0.737495
    0.985995
    0.753723
    0.483346
    0.652546
    0.522579
    0.418808
    0.515205
    0.740261
     1.03967
    0.856709
   0.0933692
    0.136629
   0.0317755
  -0.0049694
    0.180124
     0.33913
     0.49547
    0.488679
   -0.172826
   -0.161823
   -0.156689
  -0.0596125
    0.107299
    0.131517
    0.255982
    0.352636
   -0.233607
   -0.143058
  -0.0795695
   0.0333398
   0.0927323
   0.0470798
   0.0986866
     0.15013
    0.286618
   -0.345772
   -0.975768
   -0.415746
    0.578764
    0.887279
     0.89793
    0.798079
    0.020314
   -0.735327
     -1.1569
   -0.269364
    0.768549
    0.720511
    0.402314
    0.338276
   -0.443787
   -0.947239
   -0.742145
    0.223156
    0.645025
   0.0101155
   -0.628138
    -0.50514
   -0.628177
   -0.686168
   0.0729736
    0.777687
    0.337431
   -0.679077
    -1.07371
   -0.702091
   -0.606818
   -0.310154
    0.571968
     0.77314
   -0.158919
   -0.972327
   -0.757788
  -0.0418831
    -0.46905
  -0.0793101
    0.434796
 -0.00978105
   -0.873828
   -0.887862
   0.0732948
    0.960601
   -0.287506
  -0.0434269
   0.0561577
   -0.724475
    -1.16832
   -0.355768
    0.953767
     1.59286
   -0.157178
  -0.0214199
   -0.110244
   -0.714604
   -0.725796
    0.162893
     1.12591
     1.28978
     1.23597
    0.853907
   -0.546707
     -1.1991
    -1.00812
   -0.512779
   -0.223563
  -0.0848863
     1.91557
      1.5107
    -0.33096
    -1.29525
    -1.07725
   -0.627589
   -0.398625
   -0.252789
     1.79155
     1.63234
  -0.0316003
    -1.01788
   -0.848375
   -0.446896
   -0.220863
   -0.181136
     1.16174
     1.23431
   0.0855421
    -0.67892
   -0.555351
   -0.261552
   -0.151233
   -0.176462
    0.702765
    0.736387
   0.0752864
   -0.402196
   -0.409446
   -0.389408
   -0.433188
   -0.304479
    0.349768
    0.265102
    0.131055
  -0.0156645
   -0.226342
   -0.523784
   -0.774396
   -0.506598
   0.0486298
 -0.00905055
    0.124129
    0.268071
   0.0474314
   -0.421207
   -0.793385
   -0.605929
  -0.0227903
  -0.0705866
   0.0479149
    0.289695
    0.208405
   -0.157737
    -0.44858
   -0.427871
    -1.00925
    -1.12911
   -0.739127
   -0.148828
    0.233722
    0.376966
    0.440306
    0.390296
   -0.983094
   -0.661604
    0.213489
    0.861747
     0.89523
    0.678343
    0.631343
    0.446191
   -0.222612
    0.541519
     1.26798
     1.36569
    0.884594
    0.376017
    0.243964
    0.117454
    0.744234
     1.29969
      1.2361
    0.622671
   0.0608471
   -0.298211
    -0.42965
   -0.441255
    0.789056
    0.898218
    0.249942
   -0.503484
   -0.722568
   -0.613186
   -0.659088
   -0.689197
    0.259688
  -0.0478959
   -0.628072
    -1.00919
   -0.867945
   -0.457982
   -0.492207
   -0.617242
   -0.182397
   -0.586536
   -0.937387
   -0.929856
   -0.576061
   -0.203005
   -0.231552
   -0.390004
   -0.395642
   -0.635285
   -0.731317
   -0.544894
   -0.236158
  -0.0300854
   -0.102806
   -0.194154
   -0.331151
-0.000785145
    0.391575
    0.541127
    0.327202
   -0.140366
   -0.471386
   -0.353064
   -0.424192
  -0.0385049
    0.537544
    0.525336
  -0.0280035
   -0.555076
   -0.766427
     -0.6111
   -0.396509
   -0.114333
    0.182639
   -0.248575
   -0.900211
   -0.972133
   -0.632604
   -0.326554
  -0.0251591
     0.12351
   -0.100023
    -0.88862
    -1.30051
   -0.802635
  -0.0794754
    0.198522
    0.159219
    0.270127
   -0.241118
   -0.948956
   -0.721703
    0.234619
    0.812675
    0.602186
   -0.104811
    -0.20034
   -0.620229
   -0.701163
    0.309324
     1.33893
     1.40254
    0.755471
   -0.414462
   -0.805314
   -0.972428
   -0.293128
     1.05413
     1.51439
     1.05705
    0.362818
   -0.557365
   -0.891636
    -0.85431
  -0.0685364
    0.914263
    0.914783
    0.329797
  -0.0675011
   -0.328252
   -0.521844
   -0.252788
   0.0334345
   0.0287113
   -0.125476
   -0.135335
   0.0614276
    -0.20462
   -0.442401
   -0.495558
   -0.343891
   -0.286021
    -0.38476
   -0.326398
  -0.0694575
    0.318914
   -0.025542
   -0.430286
   -0.653256
   -0.724816
   -0.530403
   -0.106305
    0.090846
    0.770105
    0.450974
   -0.275771
   -0.784463
   -0.942241
   -0.397279
    0.480814
    0.550987
    0.863676
    0.726275
    -0.14055
   -0.853743
   -0.958624
    -0.06519
     1.11087
     1.08123
    0.909101
    0.843441
   -0.203367
    -1.14375
    -1.15943
   -0.091966
     1.21773
     1.23885
    0.897673
    0.798342
   -0.426615
    -1.40413
    -1.40085
   -0.486618
     0.69719
    0.847353
    0.690569
    0.575282
   -0.366138
    -1.10291
    -1.13843
   -0.682006
     0.13815
    0.324524
