   -0.649674
   -0.425908
    0.142209
    0.174055
   -0.563393
   -0.629624
   0.0686719
    0.114086
   -0.229273
   -0.481853
   -0.167615
   -0.416664
   -0.700003
    0.109289
   -0.124097
    0.216094
   -0.332079
   0.0127372
   -0.241554
    -0.55525
   -0.602878
  -0.0835891
     0.24386
   -0.133185
    -0.51482
   -0.203893
   -0.381778
   -0.351259
    0.146455
   0.0197848
   -0.504629
   -0.761418
   -0.664323
   -0.620619
    0.187234
   -0.453119
   -0.475647
 -0.00229329
   -0.597232
    0.069677
   -0.742345
  0.00974921
   -0.605186
   -0.667751
    -0.13916
   0.0453137
   -0.709856
   -0.729439
   -0.200148
   -0.176813
   -0.510092
  -0.0284291
   -0.518601
   -0.524431
   -0.419813
   -0.258825
   0.0462731
  -0.0269938
    0.164513
  -0.0654712
   -0.265408
   -0.598316
  -0.0522927
   -0.155134
   -0.444338
   -0.123258
    0.166344
   -0.145388
    -0.38375
   -0.689087
    -0.33391
   -0.351498
    0.095259
   -0.164499
   -0.244653
     -0.3021
   -0.377384
   -0.179912
   -0.256943
    0.197064
   -0.614924
  0.00756198
  -0.0895637
   -0.358929
    0.257728
   -0.767575
    0.156843
   0.0458019
  -0.0199723
    0.063157
   -0.277868
   -0.543579
    0.239438
    -0.58836
   0.0758836
   -0.463099
   0.0629791
  -0.0159713
     0.16611
    -0.57897
   0.0695384
   -0.425999
   -0.155871
  -0.0934015
    0.184098
   -0.658723
   -0.653701
   -0.451485
   -0.064039
   -0.136047
    -0.51262
   0.0956334
   -0.386684
    0.172413
   -0.521494
   -0.387155
    0.179435
    -0.62285
   -0.599552
  -0.0987366
    0.214904
   -0.102823
    0.132281
    0.196143
   0.0834136
  -0.0500344
   -0.525155
   -0.111806
   -0.324205
   -0.617244
   0.0838208
   -0.512865
   -0.268647
    -0.33025
     0.16833
   -0.342748
   -0.214376
    -0.74357
  -0.0196363
   -0.536614
    -0.10502
    0.242341
    -0.69918
   -0.749902
    0.156555
   -0.446077
    -0.36246
   0.0777906
    -0.29433
   -0.187415
   -0.279145
   -0.337625
   -0.548437
   -0.405063
   -0.399681
   -0.723223
   -0.713296
   -0.150239
  -0.0604321
   -0.262904
  0.00711411
    -0.23481
 -0.00117243
   -0.519731
    0.209537
  -0.0910412
  -0.0878824
   -0.263038
  -0.0600141
   -0.365718
   -0.025056
   -0.423232
   -0.381576
   0.0503609
   -0.398538
    -0.48322
   -0.653915
   0.0135988
   -0.663628
   -0.173649
   -0.432015
   -0.168177
   -0.769473
   -0.205856
    0.201357
   -0.394557
   -0.154482
   -0.770138
    0.229801
   -0.473113
   -0.258445
  -0.0212837
   0.0666733
   -0.517817
    0.233582
   0.0180112
    0.165739
     -0.1125
   -0.503226
   -0.152474
   -0.736416
    0.246315
     0.19889
   -0.343395
   0.0384765
   -0.457847
  -0.0520187
    0.159158
   -0.702447
   0.0589496
    -0.27269
   -0.359865
   -0.367426
   -0.267566
    0.208875
   -0.424268
    0.112474
   -0.203806
   -0.419809
   0.0840762
   0.0976777
   0.0963427
   -0.195406
  -0.0938479
   -0.679673
   -0.220024
   -0.334036
   -0.772133
   -0.590722
   -0.062665
    -0.15001
   -0.552542
  -0.0745494
   -0.209319
   -0.121341
   -0.294272
    0.107431
   -0.431558
   -0.393313
    0.179581
   -0.630808
    0.108594
   -0.438483
   -0.223637
    -0.41717
   -0.487807
    0.126692
   -0.562895
   0.0829843
   -0.551315
   -0.737018
  -0.0775368
   -0.713171
   -0.157827
   -0.429584
   -0.618247
    -0.63605
   0.0109776
   -0.615783
   -0.452176
   -0.309886
  0.00880328
   -0.230121
   -0.642635
   -0.458714
   -0.609661
    -0.16231
   -0.609482
   -0.266622
    0.218974
   -0.688099
   -0.122833
   0.0693699
   -0.351986
   -0.604669
   -0.605999
  -0.0651955
   -0.736175
   -0.394298
    -0.24041
   -0.512894
   -0.356719
   -0.576146
   -0.451468
   -0.772745
   -0.231133
   -0.295119
   -0.634198
   -0.478354
   -0.136306
   -0.311777
  -0.0136437
   -0.385701
    0.232698
    0.118318
   -0.069819
   -0.635161
    -0.30219
   0.0952957
   -0.127187
   -0.341415
    0.181793
   -0.508219
   -0.530244
   -0.428392
   -0.338291
   -0.361646
   -0.751786
   -0.299869
   0.0186531
   -0.217599
  -0.0381664
   -0.596264
  -0.0191485
   -0.747834
   -0.594413
    -0.50848
   -0.268356
   -0.454014
   -0.212237
   -0.662861
  0.00880538
    -0.48408
   -0.273965
  -0.0166951
    -0.62396
   -0.601983
    0.122741
   -0.151554
   -0.764886
   -0.262645
   -0.751167
    0.191503
  0.00373298
   -0.506814
   -0.495087
   -0.592757
  -0.0938637
   -0.472277
   -0.118029
   -0.333409
   0.0847207
   -0.414395
   -0.155077
   -0.192627
   -0.387632
    0.025107
   0.0734899
    0.118609
   -0.687106
   -0.396946
    0.230345
   0.0962961
    -0.10643
   -0.301819
   -0.178598
   0.0442065
   -0.129206
   -0.314056
   -0.365546
   -0.119495
    0.197895
   -0.342117
   -0.186191
  -0.0565705
  -0.0743346
   0.0933183
    0.125269
   -0.426397
   -0.637157
   -0.250959
     0.01479
     0.22216
    0.109243
   -0.398486
   -0.228665
   -0.536587
   -0.631578
   -0.413374
   -0.676177
   -0.544087
   -0.035724
   -0.704031
    -0.70599
   -0.400353
   -0.231253
   -0.109991
   -0.614345
   -0.618658
   -0.682246
   -0.205295
   0.0364434
    -0.74255
    0.227185
   -0.407947
  -0.0245237
   -0.105348
   -0.572827
   -0.157453
    0.242851
   -0.435388
   -0.666611
 -0.00055769
   -0.471426
    0.217229
   -0.657243
   0.0745048
   -0.577557
   -0.514224
   -0.597068
   -0.479138
   -0.283714
    0.141804
   -0.408572
   -0.215108
   -0.516747
    0.134771
   -0.583298
   -0.356496
   -0.742085
   -0.490947
    0.212807
   0.0689547
     -0.4589
    0.181793
   -0.597191
   -0.741623
   -0.181754
   -0.395421
    -0.12448
   -0.197102
  -0.0562125
  -0.0164937
   -0.455859
    0.246958
  -0.0574635
   -0.338505
   0.0632636
    0.139576
  -0.0781318
    0.240792
    -0.59776
   -0.620045
    0.124397
   -0.231736
  -0.0605559
   -0.650549
   -0.355163
    0.130743
   -0.232448
   -0.322652
   -0.618403
   -0.277841
   -0.511896
   -0.302707
   -0.354247
    -0.33449
   -0.269733
    0.238596
   0.0446852
   -0.652412
   -0.216705
   -0.269726
    0.105691
    0.102032
   -0.280967
   -0.209971
   -0.494671
   -0.475903
   -0.328594
    0.201794
    -0.49331
   -0.151758
    -0.67645
   -0.627112
   -0.641692
   0.0375907
   -0.503064
   -0.222259
  -0.0898651
   0.0390844
    0.229686
   0.0663285
   -0.496955
   -0.540409
   -0.494577
   -0.076605
   -0.100302
    0.010286
  -0.0962082
   -0.313816
    0.132471
   -0.571113
    0.191055
  -0.0200367
   -0.727279
   -0.348112
   -0.488207
   -0.447353
  -0.0494178
  -0.0422042
   -0.503758
    0.231869
   -0.452161
   -0.405612
   -0.653442
   -0.319257
    -0.62622
   -0.381909
    0.233081
   0.0585115
   -0.601024
    0.204568
   -0.133359
   -0.323382
   -0.594039
     0.14666
   -0.658186
   0.0802551
   -0.101252
   0.0202026
    -0.49176
    -0.22698
    0.223687
   -0.558904
   -0.505216
   -0.761791
   -0.132419
   -0.218826
   -0.434548
   -0.440036
   -0.519229
    -0.16371
   -0.466366
   -0.196793
    0.205275
   -0.345211
   -0.774249
   -0.679144
    0.047477
    0.233429
    0.153964
     0.22105
    0.179798
   -0.237593
   -0.360531
    -0.67244
   -0.349132
    -0.24412
    0.182412
   -0.708583
   -0.482116
   -0.567547
   -0.160967
   -0.516628
   -0.351854
    0.108414
   -0.503823
   -0.742473
   -0.368611
   -0.163774
   -0.407912
   -0.113244
   -0.585683
  -0.0996808
   -0.568236
   -0.638606
    -0.70309
   -0.567888
   -0.543153
    0.118983
   -0.592658
   -0.647388
   0.0818346
   -0.671059
   -0.110385
   -0.536895
   -0.568902
   -0.717715
 -0.00641823
    -0.64469
   -0.651702
   -0.746733
    -0.43764
  -0.0380724
   -0.488765
  -0.0148979
   -0.187857
   -0.217991
   0.0172263
    0.218128
   -0.639964
   -0.648884
   -0.153314
    -0.45105
   0.0260314
   0.0530464
    -0.31506
   0.0975378
   -0.773041
  -0.0836162
  -0.0416778
   -0.591102
   0.0435926
   -0.218042
   -0.487565
   -0.324991
   0.0196596
    -0.28187
    -0.26811
   -0.244958
   -0.151963
   -0.145215
   -0.217094
    0.184993
   -0.441486
   0.0687375
  -0.0881036
    0.145253
   -0.407453
   -0.329076
    0.105182
    -0.27282
   -0.203364
   -0.306331
   0.0507268
   -0.435531
   -0.511484
   -0.522532
   -0.596193
   -0.509928
    0.168449
    0.136726
   -0.326433
  -0.0461576
   -0.339515
  -0.0394012
   -0.629347
   -0.578054
    -0.57947
    -0.12286
  -0.0484148
   0.0431627
   -0.526274
   -0.523708
   -0.030043
   -0.193164
   -0.713169
   -0.376346
    -0.30611
   -0.346025
   0.0691749
   -0.459127
    0.155752
   -0.392388
  0.00913826
  -0.0517206
  -0.0533228
   -0.760544
    0.200344
    0.125081
   -0.495875
    0.110594
  0.00360865
   -0.047712
   -0.193762
   -0.594105
   -0.345312
  -0.0485129
   -0.397562
   -0.150186
   -0.429572
   -0.704176
   -0.365222
    -0.18125
   -0.453287
   -0.653464
   -0.632613
    -0.39186
   -0.255213
   -0.164127
   0.0367118
   -0.444237
    0.151343
  -0.0657356
  -0.0620283
  -0.0977177
   -0.375655
    -0.37355
  -0.0836654
   -0.433509
   -0.506668
    0.195056
   -0.581114
   -0.761258
   -0.110855
  -0.0002796
   -0.580766
   -0.714366
   -0.306991
   -0.203732
  -0.0899554
   0.0380331
   -0.133311
   -0.713376
   -0.401416
    0.187999
   -0.592244
   -0.259432
    -0.46206
    -0.07286
   -0.681758
   -0.683547
      0.2575
    0.244182
   0.0253139
  -0.0627275
   -0.111735
    -0.60854
   -0.694476
   -0.453599
   -0.267453
   -0.426547
   -0.516742
  -0.0739703
   -0.413209
       0.147
   -0.332449
   -0.219378
     0.20723
    0.135157
   -0.681309
   -0.140924
  -0.0850093
  -0.0400232
  -0.0797036
   -0.744624
   -0.110224
    0.102649
    -0.22946
    0.202313
    -0.22841
   -0.136621
   -0.739433
   -0.229109
   -0.150638
   0.0604774
   -0.550035
   -0.520571
    0.226534
   -0.469915
   -0.199573
   -0.299118
   -0.121866
   0.0582815
   -0.631287
    0.239522
  -0.0529176
   -0.189139
   -0.238055
   -0.103886
   -0.312181
   -0.144767
   -0.503009
   -0.655389
   -0.442989
    0.191884
   -0.625417
    0.221384
   0.0363344
  -0.0802797
    0.165498
   -0.450274
   -0.475099
    0.200662
   0.0952139
     0.14886
  0.00294014
    -0.71302
    -0.62991
  -0.0287247
   -0.408338
  -0.0548865
   -0.586041
    0.244393
   -0.254804
   -0.442731
    0.225716
    -0.56592
    0.142726
   -0.270538
     0.10479
   -0.427654
   -0.673504
   -0.656418
   -0.308447
   -0.341897
   -0.722733
   -0.159267
   -0.378712
   0.0881983
   -0.497745
   -0.471412
   -0.620275
   -0.198248
    -0.52895
    0.249536
   -0.307587
    0.248587
   -0.721683
     -0.1629
  -0.0383365
   -0.355425
   -0.475985
    0.150219
   -0.369231
   0.0438074
   -0.550711
   -0.401714
    0.252484
   -0.666184
    0.102345
   0.0990748
   -0.319241
    0.203437
    0.217254
    0.146909
   -0.396658
   -0.763678
   -0.270557
-0.000773153
   0.0991169
   0.0062944
   -0.730385
    0.253439
   -0.450152
   -0.484738
    0.244776
   0.0168574
   -0.494349
   -0.735106
   -0.404242
    0.241911
   -0.315934
    -0.10563
    0.133931
   0.0894314
   -0.320022
    -0.67498
   -0.570481
   -0.325737
   -0.566567
   -0.726336
   -0.484861
   -0.111211
    0.251698
   -0.525807
   -0.222501
   -0.403159
   -0.514888
   -0.751257
   -0.662131
    -0.67397
    0.029634
   -0.617919
    -0.67873
   -0.678717
    -0.32806
   -0.692153
    0.112737
  -0.0478124
   -0.652662
   -0.549704
  -0.0641007
      -0.194
    0.119262
   -0.188369
   -0.362767
   -0.458958
  -0.0887518
   -0.158652
  -0.0100989
    0.119278
   -0.110391
   -0.753159
   -0.250132
   -0.116892
   -0.504369
   -0.730832
    0.254546
    -0.24466
   -0.707493
   -0.665784
   -0.144034
   0.0967378
   -0.509106
  -0.0481669
    0.192617
  -0.0625687
   0.0342768
    0.047155
    -0.36858
    0.156211
   -0.760748
    -0.69088
   -0.295988
    0.133111
   -0.104652
    0.115842
   -0.584046
   -0.451602
    -0.30101
    0.180452
   -0.590523
     -0.6696
    0.201889
  -0.0660589
  -0.0118949
   -0.560678
  -0.0222947
  -0.0155478
   -0.030742
   0.0448092
   0.0932652
   -0.432974
   -0.116652
   -0.674039
    -0.73934
   -0.182234
   0.0379885
   0.0695333
   -0.393277
    -0.58879
  -0.0324545
   -0.379428
   -0.505073
   -0.586641
   -0.504516
    0.164872
   -0.728998
   -0.313965
    -0.54493
   -0.255411
   -0.391712
   -0.360856
   -0.150414
   -0.448021
   -0.685114
   -0.420508
   -0.234103
   0.0671878
   -0.694255
   -0.523044
   -0.146202
    0.173607
   -0.181422
   -0.521053
   -0.758631
   -0.146165
   0.0713103
   0.0539537
   -0.334831
   -0.580166
     0.23976
   -0.625484
   -0.184998
   -0.523512
   -0.437529
    0.085083
    -0.61684
   -0.391931
   -0.487081
   -0.387173
    0.127255
   -0.104196
   0.0265673
   -0.281358
    0.222379
     0.11605
     0.07273
   -0.269923
  -0.0749613
    0.153072
  -0.0183702
   -0.479362
   0.0684798
   -0.457991
   -0.225818
    0.084445
     0.17044
   -0.412707
     -0.1198
   -0.422589
   -0.218276
   -0.138239
   -0.273477
   -0.661473
    0.112845
   0.0635909
    0.198207
   -0.762194
   -0.586539
   -0.547073
    -0.37477
   -0.717483
    0.123328
   -0.606401
   -0.224244
   0.0875078
    -0.74855
   -0.409713
   -0.440614
  -0.0489151
   -0.514841
   -0.717183
    0.246319
    -0.70456
   -0.400577
   -0.237698
    0.154482
   -0.488336
    0.124192
   -0.223517
   -0.136329
   -0.352283
   -0.619955
   -0.668005
   -0.239159
   -0.765309
    0.170183
   -0.299151
   -0.752906
   -0.674554
  -0.0716271
   -0.353079
    -0.61744
   -0.206498
   -0.184884
  -0.0670881
   -0.377189
   -0.158837
      -0.735
  -0.0432068
   -0.465951
   -0.475244
   0.0142067
   -0.477831
   -0.405207
    -0.64457
   0.0590682
   -0.508924
   -0.358309
  -0.0749385
   0.0421554
   -0.752836
    -0.68542
    0.196797
   -0.646244
   -0.149982
    0.206084
    -0.73426
   -0.707332
    0.227775
   -0.634218
 -0.00436249
   -0.383503
   -0.477061
    -0.46906
     0.20621
    0.230447
  -0.0716526
   -0.210826
   -0.762752
   -0.373058
   0.0978195
     -0.4634
   -0.617051
    -0.63821
  -0.0940102
   -0.487023
    0.195455
    0.171662
  -0.0707357
   -0.137683
  -0.0443811
  -0.0489754
  -0.0485061
   -0.105783
   0.0793771
   -0.456687
   -0.157898
    0.119714
   -0.389423
   -0.188321
   -0.772703
   -0.651984
    0.202773
   -0.475168
   -0.346447
    0.150784
    -0.50292
   -0.676299
   -0.318241
   -0.491075
    -0.27476
    -0.47862
   -0.179878
   -0.117214
   -0.342234
   -0.532087
    0.170359
   -0.404978
   -0.618624
   -0.158576
    0.231936
    0.111592
    -0.46575
  -0.0747688
    -0.25239
   -0.644572
    0.243141
   -0.668487
    0.249739
   -0.404481
  -0.0822116
    0.251632
   -0.281869
   -0.137638
   -0.481735
    0.146281
   -0.245053
   -0.210058
    0.244579
    0.211303
   0.0734639
    -0.28838
   -0.525516
   -0.364613
   -0.663793
  -0.0931524
   -0.122104
   -0.751633
   -0.756329
    0.033869
   -0.135612
    0.250204
   -0.112738
    0.173235
   -0.082764
   -0.623328
   -0.729536
  -0.0978224
   -0.517218
   -0.737996
   -0.760502
    0.175167
   -0.744563
   -0.267774
    -0.22067
     -0.4517
   -0.379692
   -0.723921
    0.112839
   -0.393312
   -0.770817
  -0.0718964
   0.0929041
   -0.521735
   -0.694708
    0.203707
    0.159709
  -0.0422156
    0.226671
    0.177976
   -0.266546
    -0.16714
    0.169981
   -0.637483
   -0.252105
   -0.170982
   -0.486213
   -0.207044
   -0.527003
   -0.228835
   -0.170443
   -0.512909
   -0.311866
   -0.140409
 -0.00608636
    0.242061
    0.182487
   -0.643978
   -0.740059
   0.0371267
   -0.262693
   -0.736279
   -0.292969
   -0.427988
   -0.483418
    -0.21308
    -0.48248
   -0.581908
   -0.513495
   -0.514008
   -0.662131
 -0.00544373
   0.0934485
   -0.750348
     0.13167
   -0.416855
   -0.146733
   -0.612742
    0.150698
     0.10086
    -0.06698
   -0.277944
   -0.670247
   -0.637045
   -0.676553
   0.0982629
   -0.653183
   -0.752265
    0.228882
   -0.618646
   0.0594588
    -0.29201
   -0.580328
   -0.491709
   0.0545987
   -0.289149
   0.0698076
    -0.68608
  -0.0964607
   -0.701886
   -0.425491
   0.0160053
   0.0672668
   -0.590241
   0.0402536
  -0.0592617
     -0.2325
   -0.364679
    0.102593
   -0.340001
   -0.522017
   -0.222586
    0.156651
   -0.417668
  -0.0850344
    0.254695
   -0.577604
   0.0363791
   -0.755768
   -0.606921
     0.19233
   0.0782875
   -0.124334
   -0.646197
    -0.67162
   -0.327935
    -0.16075
    0.172784
   -0.239418
   -0.515409
    0.245495
    0.109688
   -0.757603
   0.0545627
   -0.738752
   0.0572476
   -0.262898
   -0.196655
    -0.56563
   -0.418504
    0.237941
   -0.313051
    0.133507
    0.136394
   0.0438777
   -0.209727
     0.13289
     0.24087
   -0.431546
    0.151719
    -0.62425
   -0.497415
  -0.0281927
   0.0260125
   -0.369015
   0.0747839
   -0.560121
    0.244832
  -0.0106307
  -0.0249418
   -0.528776
  -0.0233348
   -0.173452
   -0.511782
   -0.226971
   -0.137607
   -0.712733
   -0.748068
   -0.592461
   -0.503767
   -0.391975
   -0.612719
  -0.0422209
   -0.516667
   -0.734524
   -0.256542
   0.0482031
    0.172963
   -0.273871
   -0.641542
   0.0664824
   -0.123524
   -0.364361
   -0.219909
    -0.35571
   0.0412208
   -0.403324
   -0.141235
   0.0278538
   -0.672154
   -0.424375
   -0.759121
   0.0791081
    0.176769
   -0.496307
   -0.406062
   -0.219037
   -0.434443
   -0.379533
  -0.0369019
   -0.163614
  0.00308883
    0.124976
   -0.464033
   -0.771777
    0.165048
   0.0540213
   0.0510226
   0.0798121
   -0.478048
    0.184077
   -0.111904
    0.173024
   -0.438482
   -0.590012
   -0.440885
    -0.65546
    -0.21874
    0.192477
     0.14699
   -0.116297
   -0.490097
    0.162466
   -0.295388
   -0.571527
    -0.59204
   0.0731472
  -0.0159679
   -0.251887
   -0.564585
   -0.311069
   -0.673699
    0.213101
   -0.444292
   -0.363136
     0.21592
   -0.537442
   -0.567314
  0.00874417
   -0.715829
   -0.270765
  -0.0653776
  -0.0531365
    -0.35594
   -0.762059
    0.131448
  -0.0222281
   -0.642923
   -0.345491
  -0.0879498
   -0.754131
   -0.719987
     0.19655
    0.182931
   -0.240778
   -0.633176
   -0.667308
    -0.42583
    0.125453
   -0.144598
   -0.215817
   -0.443815
  -0.0437011
   -0.260915
    -0.11351
   -0.665036
   -0.303194
    0.123645
   -0.457753
   -0.552649
    0.182413
   0.0460785
    0.156571
   -0.128923
    -0.56806
    0.169108
   -0.255674
    0.184308
   -0.732013
    0.173432
    -0.16184
   -0.711548
    0.228041
   -0.223489
    0.245979
   -0.270935
   -0.082069
   -0.679528
   0.0778316
   -0.214815
  -0.0495295
   -0.396185
    0.115966
    -0.35143
    0.117497
   -0.255742
   -0.241869
   -0.443896
   -0.390296
    0.074975
   -0.221948
   -0.466083
   -0.137145
   -0.323576
    0.179591
    0.069391
   -0.412667
   -0.334282
 -0.00449954
   -0.370083
   -0.419049
   -0.424539
   -0.307035
   -0.449206
    0.126568
   -0.319254
    0.054455
   -0.213699
   -0.224185
   -0.125912
   -0.686714
   -0.531914
      0.2525
     0.20385
   -0.108747
    0.111797
   -0.310092
   -0.608814
   -0.590298
   0.0742088
    0.240757
   -0.037649
   -0.650073
   -0.154587
   -0.619424
    -0.72868
   -0.343395
   -0.257495
   -0.288365
   -0.606093
    0.147019
   0.0671829
   -0.256035
   -0.418215
   -0.640222
   -0.387666
   0.0371274
    0.188829
    0.173231
   -0.445257
   -0.195282
   -0.771681
   -0.202574
   -0.200981
    0.206765
   -0.569519
   -0.347382
   -0.361525
   -0.403737
   -0.163084
   -0.545515
   -0.421179
   -0.458931
   -0.420991
    0.198831
   -0.303759
   -0.375075
   -0.402763
    0.213343
    0.111157
   -0.234259
    0.102163
  -0.0798591
   -0.748494
   -0.574251
   0.0545154
   -0.361563
    0.237473
   -0.014854
   -0.446531
   -0.465983
   -0.468335
   -0.443615
     0.10604
    0.105281
   -0.495049
   -0.721678
     -0.5003
  -0.0819776
   -0.350819
    0.111213
    0.147104
  0.00259922
   -0.605917
   -0.532087
  -0.0567687
    -0.13508
   -0.132565
    -0.71773
   -0.179935
   -0.279607
   -0.177393
   -0.335971
   -0.617665
    -0.15129
   -0.135626
    0.211447
   -0.771052
   -0.156351
  -0.0616055
   -0.442986
    0.152263
    0.244657
   -0.112005
 0.000103891
   0.0917389
    0.167543
   0.0530224
    -0.66676
   -0.172633
   -0.555995
    0.219049
   -0.283729
    0.221201
   -0.645067
  -0.0412184
   -0.093767
  -0.0055498
   -0.431982
  -0.0369008
   -0.443684
   0.0630079
   -0.472493
 -0.00505898
     0.21994
    0.150813
   -0.398884
    0.173189
    0.154358
    0.219362
   -0.146616
   -0.546827
    0.113425
   -0.160158
    0.115765
    -0.14467
   -0.326618
   0.0251091
   -0.349846
   -0.218782
   -0.405723
   -0.131245
   -0.257931
   0.0851451
   -0.168243
   -0.128401
   -0.214272
   -0.520209
    -0.39215
    0.128342
    0.217487
  -0.0612374
  -0.0668486
   -0.513205
   -0.324495
   -0.105107
    -0.62059
   0.0512178
   -0.190118
   -0.724432
   0.0123804
   -0.594933
   -0.496662
   -0.132393
    0.019506
   -0.639096
   -0.535262
   -0.565311
    0.160609
   -0.110511
 -0.00949608
   -0.503313
   -0.499955
   -0.525626
   -0.676367
    0.106398
    0.120569
   -0.116042
   -0.672009
   -0.529779
   -0.245899
   -0.712721
     0.18358
   -0.570946
    -0.45133
   -0.399114
   0.0985431
   -0.297323
   -0.606095
   -0.349774
   -0.247158
    0.180882
    -0.17011
   0.0307759
    -0.20971
   -0.408803
    0.166276
   0.0296244
   -0.199517
   0.0686865
   -0.339086
   -0.467212
   -0.692825
  -0.0644444
   -0.218241
   -0.594595
   -0.216245
   -0.355871
   0.0639596
   -0.113658
   -0.111054
   -0.440138
  -0.0517823
   -0.185673
   -0.236487
   -0.761311
     0.18981
   -0.396143
   -0.284038
   -0.674485
   0.0286798
    0.243401
   -0.751802
   -0.399629
   0.0159777
   -0.186915
  -0.0338345
  -0.0759451
    -0.41549
    -0.49155
   -0.265457
   0.0200208
   -0.184166
   -0.183686
   -0.302622
   -0.660606
 -0.00368415
    0.255729
    -0.24188
   -0.197923
   -0.116127
   -0.611132
    0.136535
   -0.426108
  -0.0222082
   -0.358151
   -0.412822
  -0.0905973
   0.0203027
   0.0777368
  0.00951487
   -0.209216
   0.0629386
   0.0323098
    0.165752
   -0.179283
   -0.412805
   -0.126282
   -0.513427
  -0.0536978
    0.156765
 -0.00428746
   -0.291876
     -0.2856
   -0.446172
    0.180098
   -0.171609
   -0.708055
    0.177629
   -0.671688
   -0.131382
   -0.196697
   -0.508223
   -0.253046
    0.151792
    0.244165
      0.1634
   -0.519229
   -0.104631
  -0.0744959
   -0.699692
   -0.353315
   -0.541911
    0.137844
   -0.579204
   -0.634358
   -0.299638
   -0.217412
   0.0139566
  -0.0384677
   -0.529309
  -0.0874776
   -0.300954
  -0.0465878
   -0.631276
   0.0274703
   -0.124688
  -0.0282883
   0.0940117
   -0.205258
   0.0746208
   -0.295569
   -0.660154
   -0.691801
    0.225982
   -0.766561
   -0.705835
    0.131183
   -0.511194
  -0.0358691
   -0.201511
   -0.436289
   -0.647383
   0.0311741
   -0.556644
    -0.45199
    0.171412
  -0.0816852
    0.105195
  -0.0728299
   -0.378352
   -0.682313
   -0.418506
   0.0952908
   0.0456959
   -0.275186
   -0.135438
   -0.337191
   -0.561673
   -0.299625
    0.232147
   -0.745251
    0.179403
   -0.686206
   -0.662456
    0.147186
    -0.67817
   -0.593694
     0.02017
   -0.414768
    0.145033
    -0.43954
  -0.0764598
   -0.760548
   -0.666565
    0.141493
   -0.437942
   -0.753352
   -0.198391
   -0.590946
  -0.0515849
    0.197854
   -0.498663
    -0.72829
   0.0349455
   -0.711166
   -0.228879
   -0.358691
    -0.27376
  -0.0159559
    0.116281
   -0.299812
   0.0133895
   0.0374842
   -0.211421
     0.12553
  -0.0735291
   -0.114995
   -0.726363
   -0.311558
    0.244834
    0.193267
   0.0234984
  -0.0898246
    0.207315
     0.13153
   -0.206531
   -0.488826
    0.152775
   -0.663121
   -0.305175
   -0.157009
   -0.723466
  -0.0292414
   -0.110702
   0.0860761
   0.0341894
    -0.59778
   -0.530814
    -0.49777
     0.16086
   -0.672732
  -0.0229856
  -0.0839491
    0.139349
   -0.492606
   -0.216618
   -0.192379
    0.166996
   -0.168384
   -0.762136
    0.153631
   -0.233315
    0.035959
   -0.194392
   -0.284199
  -0.0907099
   -0.659122
  0.00157229
   -0.196134
   -0.547646
   -0.561802
   -0.611341
   -0.496516
    0.183553
   0.0525531
   -0.668638
  -0.0404562
    0.229369
   -0.424856
    0.236371
    0.132031
   -0.322991
  -0.0448139
   -0.210117
   -0.441841
    0.237177
   -0.684934
    0.140376
    0.145974
  -0.0787209
    0.152837
   0.0414063
   -0.570235
  -0.0694032
   -0.411185
  -0.0798374
   -0.418312
    -0.29571
   -0.336464
    0.160151
  -0.0687595
   -0.123669
   -0.709389
    0.209322
   -0.198315
     0.11776
   -0.717516
    -0.49697
   0.0889307
   -0.367774
   -0.518798
  -0.0372375
   0.0838311
    0.210985
   -0.505554
   -0.616209
    0.189963
   -0.415891
   -0.734032
   0.0777378
   -0.752811
    0.193402
   -0.139055
   -0.548449
     -0.1342
    0.224357
     0.14631
    0.222084
   -0.329552
   -0.448353
    0.124036
    -0.65651
    0.202575
    0.189244
   -0.705388
   -0.253939
    0.048805
   -0.648307
   0.0236877
   -0.120463
   -0.241484
   -0.753309
     -0.4159
   -0.415852
    0.232272
   -0.146856
   -0.257465
    0.164035
     0.21185
     -0.2169
  -0.0164257
    0.233636
   -0.281697
   -0.413679
   -0.573012
   -0.674096
   -0.447521
   -0.684901
   -0.710211
 -0.00247663
   -0.358657
    0.188422
     0.11561
   -0.414281
    0.119467
    0.184818
    0.106376
  -0.0899272
   -0.721687
   -0.128135
   -0.468589
   -0.188575
   -0.106848
   -0.109892
     0.17017
   -0.132775
   -0.514948
   -0.345494
   -0.226938
   -0.561297
    0.212203
   -0.501563
    -0.58586
   -0.327693
   -0.140646
   -0.384276
   -0.227192
     0.18643
    -0.29458
   -0.162807
  -0.0742457
    0.121359
   -0.232583
   -0.216835
   -0.551121
   -0.371316
   -0.290215
   -0.702944
   -0.719442
   -0.237306
  -0.0564822
   -0.413434
    -0.68408
   -0.421529
     0.25127
   -0.772109
    0.220293
   -0.521876
   -0.343006
   -0.264845
   -0.308577
   -0.389002
  0.00818919
    -0.11984
   0.0579019
   -0.390655
   -0.762315
   -0.427489
   -0.462424
   -0.282298
    0.184301
    0.237927
   -0.419138
   -0.306482
   -0.237107
   -0.195662
   0.0967993
    0.247274
   -0.124009
    0.151954
   -0.248231
   -0.438691
   -0.519679
   -0.157714
  -0.0856229
   -0.526608
   -0.155226
   -0.123529
   -0.273888
   -0.756431
   -0.646573
    0.192132
   -0.370836
    0.136213
   -0.185907
   -0.571133
   -0.512641
   -0.173625
   -0.224026
   -0.200469
   -0.714122
   -0.297924
   -0.220741
   -0.358663
    0.170191
   -0.716047
    0.220271
  0.00879126
   -0.726972
   -0.161937
  -0.0974535
   -0.200606
    0.173969
    0.157464
   -0.616519
   -0.169853
   -0.627343
  0.00285166
   -0.551581
   -0.126634
   0.0210173
   -0.423557
   -0.192701
   -0.608018
   -0.545543
   -0.636807
   -0.404554
   -0.283587
  -0.0358348
    0.146016
   -0.742254
   0.0246397
   -0.410107
   -0.188398
   -0.592223
   -0.498115
   -0.129849
   -0.630151
   -0.747522
  -0.0822244
  -0.0174912
  -0.0703791
    -0.54103
   -0.101721
   -0.171114
   -0.382952
   -0.529773
  -0.0238603
   -0.638299
   -0.306758
   -0.408693
    0.157315
   0.0442818
    0.173202
   -0.708902
    -0.75946
   -0.721803
    -0.33886
    -0.26845
   0.0169588
   -0.451042
   -0.236107
     -0.2166
  -0.0865522
   -0.682704
  -0.0342263
     0.18993
  -0.0379566
     0.11022
    0.217004
    -0.37838
    -0.16547
   -0.111574
   -0.144813
   -0.525391
   -0.540887
    0.246832
   -0.280567
    0.209849
   -0.649667
    0.187271
   -0.457043
   -0.750551
  -0.0266457
   -0.542039
   -0.684856
  -0.0115086
   -0.489246
   -0.249119
   -0.538157
   -0.730486
   0.0744352
 0.000332431
   -0.172489
   -0.270316
   0.0922247
   -0.464915
   -0.338585
   -0.203931
   -0.612894
    -0.37978
    0.192286
 -0.00376715
   -0.749553
   -0.210726
    0.245439
   -0.515843
   -0.222093
   -0.293327
   -0.564192
  -0.0971633
   -0.364255
   -0.246639
  -0.0731174
     -0.6491
  -0.0140813
   0.0166231
    0.113989
   -0.761526
   -0.490695
   -0.682368
   -0.717415
   -0.674459
   0.0925616
   -0.115308
   -0.170178
  -0.0734126
    0.194375
   -0.766962
   -0.535542
   -0.676718
   -0.372145
   -0.601455
   0.0941117
   -0.347101
  -0.0375847
   0.0813517
  -0.0883476
   -0.517877
   -0.470175
    0.122057
    0.159556
  -0.0598329
   -0.382781
    -0.17176
   0.0656643
   -0.655061
   -0.413336
  -0.0785461
    -0.64199
   -0.129434
   0.0136831
   -0.584808
  -0.0292961
   -0.151954
   0.0744808
   -0.457673
   -0.483566
   0.0106565
   -0.450038
   -0.244511
    0.108535
  -0.0475867
  -0.0713701
  -0.0555519
   -0.652887
   -0.367154
   -0.232399
   0.0333622
   -0.110434
   0.0720229
    -0.10278
   -0.209076
   -0.246009
    -0.74376
   -0.639035
   -0.438543
   -0.624224
   -0.277774
    0.257507
   -0.491618
   -0.665407
   0.0129913
   -0.301829
   0.0798933
   -0.397162
   -0.485548
   -0.635979
   -0.106131
    -0.73309
    -0.31142
   -0.608841
    0.150042
   -0.617206
   0.0943854
   -0.163709
   -0.495496
   -0.530967
   -0.654307
   -0.720332
    0.133196
    0.192313
  -0.0485158
    -0.33408
   -0.311895
   -0.017679
   -0.198518
   0.0241584
    0.132693
   -0.734491
   0.0234666
   -0.617123
   -0.625302
   -0.221741
   -0.144356
    0.229188
    0.155694
    0.144693
   -0.664989
   -0.208636
      0.1862
   -0.201813
  -0.0428804
   0.0780431
  -0.0444218
   -0.206694
   -0.343865
    0.234679
   0.0369357
   -0.223575
   -0.743852
  -0.0880676
   -0.289461
  -0.0177715
   -0.680346
    0.173241
   -0.293649
   -0.104268
  -0.0607994
   -0.419155
  -0.0641625
   -0.295532
   -0.261681
   0.0851322
    0.257324
   -0.664236
   0.0561213
    0.154819
    0.255054
    0.165729
   -0.312016
    0.183055
   -0.294283
   -0.613095
  0.00289895
   -0.596904
  -0.0451922
   -0.599164
   -0.620424
   -0.266455
  -0.0481424
   -0.589679
   -0.612722
   -0.595802
    0.167146
   -0.518471
    -0.68076
   -0.384702
    0.151857
   0.0330375
  -0.0292605
   -0.170504
   -0.520693
   -0.549141
   -0.343571
   -0.521568
    -0.43878
   -0.545648
   -0.624948
   -0.441925
   -0.638119
   -0.162367
    -0.51707
   -0.157805
 -0.00086512
    -0.77237
   0.0198876
   -0.304256
   -0.596937
     0.17406
    0.203885
    0.129517
   -0.673818
   -0.667036
   -0.724484
   -0.764871
   -0.410911
   -0.630647
   -0.374977
   -0.517252
    0.176987
   -0.662436
   0.0868406
   -0.601905
    -0.43698
   -0.514929
   -0.348876
   -0.101164
   -0.285981
   -0.199227
    0.231507
   -0.149503
   -0.619793
   -0.543761
   -0.565507
    0.153939
   -0.541534
    0.228978
   -0.408516
   -0.363875
    0.144839
    -0.46283
   -0.492557
    0.245618
   -0.355269
   -0.442444
    0.255344
  0.00841699
   -0.298494
   -0.377832
   -0.767034
   -0.379706
   -0.265671
   0.0944033
   -0.207014
   0.0719454
   -0.678725
    0.218707
   -0.287417
   -0.190109
   -0.238719
   -0.314109
    -0.59781
  -0.0839148
  -0.0832731
    -0.38872
   -0.188175
     0.14979
   -0.417941
    0.177906
   -0.472284
   -0.531301
   -0.543123
   -0.190244
   -0.543882
   -0.123795
    0.141909
   -0.546737
   -0.373577
   -0.414785
   -0.149972
   -0.366015
  -0.0198939
   -0.673842
    -0.52981
   -0.485107
      0.1727
   -0.433938
   -0.524599
   -0.372916
     0.15055
   0.0112791
   0.0875722
   -0.705459
   -0.330835
     -0.2539
   -0.319582
    0.255587
   -0.362309
   0.0370728
    0.175294
  -0.0599965
   -0.752427
   -0.626027
    -0.50844
   -0.521712
   0.0247738
    -0.62473
   -0.293853
   -0.607002
   -0.264918
   -0.702023
    -0.19842
   -0.543011
   -0.601268
   0.0463661
   -0.253521
   -0.686767
   -0.645771
  -0.0035225
   -0.285086
    -0.75342
   -0.250442
   -0.455713
   -0.684282
     0.19332
    0.064984
   -0.229268
    0.190708
   -0.555524
   -0.450394
    0.107804
    0.159076
   -0.428225
    0.256373
   -0.607562
    -0.17534
    0.022948
   -0.457695
   -0.727392
    0.190542
   0.0519835
   -0.654818
   -0.266077
   -0.749226
    -0.48149
    -0.47791
    -0.22815
    -0.39366
   -0.349084
   -0.489871
     0.09585
   -0.327907
   0.0342832
   -0.618062
   -0.237593
  -0.0305958
    0.221519
    -0.72506
  -0.0980863
   -0.592204
   -0.400858
   -0.248481
   -0.691327
  -0.0544856
   -0.250307
   -0.524292
   -0.488025
   -0.485558
   -0.207391
    -0.44082
   -0.553215
   -0.413606
   -0.321041
  -0.0446949
   -0.388236
  -0.0279348
    0.251992
    0.158211
   -0.679794
   -0.355291
   -0.589859
    0.190653
   0.0913984
    0.219021
   -0.685608
   -0.404394
  -0.0697735
   -0.722288
   -0.354857
   -0.426059
   -0.539895
    0.018882
    0.100057
   -0.456625
   -0.293803
   -0.408449
   -0.206321
 -0.00723065
    -0.11941
    -0.67191
   -0.706249
    0.101972
    -0.31092
   -0.252694
   -0.200922
   0.0754411
   -0.538828
   -0.207129
  -0.0245465
   -0.444025
    0.212177
    0.160191
   -0.511572
   0.0453763
    0.121014
   -0.422583
   -0.617216
   -0.206959
   -0.370275
   -0.197476
    0.141579
   -0.135573
   -0.436793
  -0.0165627
    0.182398
   0.0440008
   -0.683211
   -0.282121
   -0.221429
  -0.0280245
   -0.179435
   -0.153081
   -0.184252
   -0.748554
   -0.663974
   -0.643373
    0.101484
   -0.428205
   -0.075905
   -0.181262
  -0.0976341
   -0.121927
   -0.279269
    0.165391
    -0.33475
   -0.416454
   -0.515391
   -0.177369
    0.151184
   -0.111069
   -0.633044
   0.0345646
   -0.504841
   -0.295241
   -0.240197
   -0.580642
   -0.509439
   -0.148811
  -0.0881662
   0.0437288
   -0.435034
     -0.5258
   -0.367551
     0.15531
   -0.499757
   -0.256929
   -0.746261
   -0.656472
   0.0894621
  -0.0475695
  -0.0631374
   -0.266371
   -0.427695
   -0.600605
   -0.359179
   0.0121516
   -0.242463
  -0.0999734
   -0.423416
   -0.349477
   -0.469241
   -0.281864
   -0.573112
   -0.199486
    0.197492
  -0.0387119
 -0.00553068
   -0.570146
   -0.445722
   -0.351896
    0.248179
    -0.10616
   -0.103099
   -0.377571
   -0.209048
     0.17174
    0.140096
   -0.180713
   -0.742931
  -0.0286405
   -0.486481
  -0.0314721
    -0.55321
    -0.13958
    0.142519
   -0.137793
   -0.385627
   -0.358142
   -0.495965
  -0.0344467
   0.0669771
   -0.190609
    -0.57451
   -0.764333
   -0.648294
   -0.635217
  -0.0284487
    0.120772
   -0.430766
   -0.732369
   -0.489323
   -0.440786
  -0.0639324
    0.182175
  -0.0437607
   -0.531179
   0.0957157
   -0.161863
   0.0627046
    0.127381
   -0.448703
   -0.681975
    -0.16229
   -0.227316
  -0.0469585
    -0.27797
   -0.623308
   -0.690784
    0.138485
   -0.344676
   0.0493655
  -0.0527369
    0.239312
    0.249453
  -0.0424736
   -0.667181
   -0.643963
   -0.329121
    0.228187
   -0.300133
   -0.286894
   -0.519334
   0.0336777
   -0.609025
   -0.595358
   -0.268282
   -0.365608
   -0.757842
   -0.688344
   -0.561102
    0.144136
    -0.36245
   -0.468481
   -0.276353
     0.18483
   -0.773638
    0.220274
   -0.696676
   -0.689826
     0.10056
   -0.266755
    0.134136
   -0.210376
   -0.285642
     0.12539
   -0.511048
   -0.178227
    0.256024
  -0.0655725
   -0.208238
   -0.302308
   -0.610665
    0.047024
   -0.526829
   -0.445094
    0.226262
  -0.0205146
   -0.036105
    0.243017
    0.065738
     0.17739
    0.128955
   -0.554911
    -0.54929
   -0.405597
   -0.628279
   -0.548332
   -0.443522
   -0.550359
   -0.463561
    -0.60116
   -0.042517
   -0.587624
  -0.0369391
   -0.586358
   -0.720432
     0.22661
   0.0100114
   -0.722608
  -0.0971618
   -0.456426
   -0.250319
   0.0667696
   -0.667601
 -0.00255181
   -0.636523
   -0.699537
   -0.281265
    0.101969
   -0.714719
   -0.473726
   0.0211592
    0.188833
    -0.25404
    0.246466
   -0.474963
   -0.107723
   -0.560065
   -0.143888
    0.116515
   -0.249029
   0.0295481
   -0.184201
   -0.062056
    -0.26559
  0.00403778
 -0.00789177
   -0.297179
    -0.24415
   0.0440972
    -0.65254
    0.074021
   -0.464421
    0.188826
    0.181017
   -0.725172
   -0.705896
    0.256076
    -0.23184
     0.17067
   -0.716841
   0.0690303
    -0.06637
    0.246588
   -0.443209
  -0.0781032
   -0.486574
    0.223665
    0.136429
    0.144134
   0.0819812
   -0.370799
  -0.0845168
   -0.360418
   -0.691054
   -0.608306
   -0.614579
   0.0756507
   -0.130888
  -0.0841325
   -0.138451
 -0.00883167
    -0.26831
    0.171725
  -0.0782043
   -0.345492
     0.22115
 -0.00950328
   -0.347615
   -0.268889
  -0.0970325
    -0.28986
   -0.458058
   -0.421601
   -0.301471
    -0.12667
   -0.757903
  -0.0134487
   -0.161204
    0.153122
   -0.127514
   -0.337422
   -0.475876
   -0.470229
   0.0767566
   -0.392334
   -0.303938
    0.236774
   -0.574882
   -0.693026
   -0.105558
   0.0612637
   0.0727394
   -0.632067
  -0.0252104
   -0.263664
   -0.202962
  -0.0622593
   -0.531366
    0.224019
   -0.589347
    0.146198
    -0.32404
   -0.272808
   -0.533602
    0.149086
   -0.657677
   -0.516909
   -0.122561
  -0.0442847
   -0.621986
   -0.508274
   -0.639905
   -0.323266
   -0.203907
    0.211448
   0.0589972
   -0.766044
    0.190023
   -0.774084
   -0.684473
   -0.173733
   0.0617767
    0.162863
  -0.0312036
   -0.221633
      -0.359
   -0.492365
   -0.542091
   -0.115769
   -0.526545
   -0.356842
    -0.22777
  -0.0759874
    0.144947
    0.013225
     -0.1851
    -0.77093
   -0.761883
    -0.56586
  -0.0406176
   -0.609272
   -0.299538
   0.0940738
   -0.157941
   -0.761643
    0.047323
   -0.357143
    -0.75309
  -0.0208529
    -0.35663
   -0.662967
   -0.452785
   -0.553052
   -0.758302
   -0.742188
 -8.7981e-05
   -0.342705
   -0.459956
    0.232418
   -0.716673
   -0.211904
   -0.382623
   -0.169846
    -0.54609
   -0.495875
    -0.41482
   0.0434065
   -0.492208
   -0.402106
    0.252143
    0.241771
   -0.236781
   -0.305594
   0.0776464
   -0.652922
    -0.29264
    -0.13323
   -0.235468
   -0.271134
   -0.412281
    0.182499
   -0.159504
  -0.0904699
   -0.628752
    -0.14321
  -0.0580609
    0.145757
   -0.744114
     0.25658
    0.119976
    -0.68619
   -0.213523
   -0.520846
   -0.081439
   0.0149837
   -0.242124
   -0.754458
   -0.199809
   0.0402652
   -0.381967
   -0.205865
   0.0238377
    0.155848
   -0.769657
   -0.156715
   -0.755272
   -0.287701
   -0.548143
   -0.216143
    0.215762
   -0.185828
   -0.291843
   -0.201941
   -0.534497
   -0.145999
   -0.603349
    0.182039
   -0.258441
   -0.572866
     0.18042
   -0.396664
    -0.48446
   -0.291302
   -0.142913
    0.208698
   -0.534517
   -0.643236
    0.228837
   0.0402711
    0.171626
   -0.411329
   -0.423792
  -0.0627354
   -0.513679
   -0.418853
   -0.477649
   -0.494355
   0.0680427
   -0.251196
   0.0640987
   0.0256057
   -0.695222
   -0.485943
   -0.434534
   -0.455122
    0.142655
   -0.263287
   -0.531282
   -0.373985
  -0.0615568
   -0.609061
  0.00394724
     0.22858
   -0.125766
   -0.397165
    0.179079
    0.114314
   -0.265804
    0.149717
   -0.103614
   -0.352377
    -0.51981
     0.24719
   -0.673312
   -0.258893
   -0.429862
   -0.376364
   0.0213492
   -0.620018
    0.147037
   -0.172751
    0.180184
    0.226411
    0.115902
   -0.512549
    -0.48691
 0.000357975
 -0.00123882
   -0.243596
   -0.631826
   -0.320994
  -0.0780599
    0.146718
   -0.350613
   -0.462025
   -0.508646
   -0.429733
    -0.60591
 0.000146292
   -0.538214
   0.0650728
    -0.61043
   -0.283428
   0.0540641
   -0.509145
    0.232276
   -0.633997
   -0.110913
 -0.00457373
   -0.479418
   -0.222075
   -0.435524
   -0.557432
   -0.253862
    -0.57782
   -0.295384
   0.0338241
    0.197134
   -0.554822
    -0.46797
   -0.692891
    -0.10122
    0.228566
    0.228424
   -0.710032
   -0.491657
   -0.538421
   -0.365168
    -0.32297
    0.236322
   -0.128786
   -0.516097
   -0.632307
   -0.670413
   -0.720231
   -0.366855
   -0.696335
   -0.579631
   -0.735967
   0.0736874
   -0.284452
   -0.183445
   -0.620035
  -0.0672878
   -0.695506
   -0.423258
   -0.620871
    0.112915
   -0.484323
   -0.401096
   -0.613255
   -0.402617
   -0.760514
   -0.642887
   -0.432392
   -0.695949
   -0.359948
   -0.196216
    -0.28652
   0.0916786
   -0.218093
   -0.673505
   -0.682617
  -0.0758036
   -0.569321
   -0.628252
   -0.700858
   -0.491059
   -0.433286
   -0.662228
   -0.675571
   0.0568582
  -0.0710762
   -0.521009
   -0.268629
  0.00801431
   -0.169671
   -0.114903
    -0.13727
    0.120603
   -0.774197
   0.0240722
   -0.540213
   -0.760115
    0.155782
   -0.198008
   -0.681467
   -0.462364
   -0.652423
   -0.193391
   -0.628885
  -0.0959196
   -0.092299
   -0.536905
   -0.429922
    0.112977
    -0.39056
   -0.356183
   -0.636281
  -0.0492494
   -0.243815
   -0.537256
    -0.25059
    -0.57309
   -0.283668
    0.255378
    0.209521
   -0.711538
   -0.117723
   -0.185948
    0.183661
   -0.117324
   -0.420074
    -0.61475
   -0.102842
   -0.522491
  -0.0381618
 -0.00971245
   -0.210259
   0.0840118
   -0.461302
  -0.0645471
   -0.270107
    0.220996
    0.173145
    0.074568
   0.0757737
   -0.475614
   -0.539814
    0.214089
    0.249733
 -0.00903217
   -0.581365
   -0.259056
    0.192475
  -0.0904369
   -0.261877
    0.143797
  -0.0273784
   -0.637799
   -0.300349
   -0.101916
   0.0194739
   0.0541729
   0.0579302
   -0.341567
   -0.726517
    -0.23843
   -0.609478
   -0.162179
   -0.412618
   -0.296184
   -0.484925
   0.0918725
   -0.333387
    -0.56998
  -0.0917585
   -0.515812
   -0.270997
    0.143024
   -0.559922
   -0.279463
   -0.124207
   -0.366691
    0.236078
   -0.189931
   -0.715327
   -0.283997
   -0.304333
   0.0318917
   -0.147199
    0.169914
   -0.328223
   -0.385925
  -0.0341119
   -0.528492
   0.0471052
   0.0139677
   0.0076743
    0.212223
   -0.406411
   -0.663142
   -0.342159
           0
           0
           0
           0
           0
           0
           0
           0
           0
           0
           0
           0
           0
           0
           0
           0
           0
           0
           0
           0
           0
           0
           0
           0
           0
           0
           0
           0
           0
           0
           0
           0
           0
           0
           0
           0
           0
           0
           0
           0
           0
           0
           0
           0
           0
           0
           0
           0
           0
           0
           0
           0
           0
           0
           0
           0
           0
           0
           0
           0
           0
           0
           0
           0
           0
           0
           0
           0
           0
           0
           0
           0
           0
           0
           0
           0
           0
           0
           0
           0
           0
           0
           0
           0
           0
           0
           0
           0
           0
